 time            com             in              mid             out             time            vcom#branch     vin#branch     
 0.00000000e+00  0.00000000e+00  0.00000000e+00  0.00000000e+00  0.00000000e+00  0.00000000e+00  0.00000000e+00  0.00000000e+00 
 3.00000000e-11  0.00000000e+00  1.00000000e-01  0.00000000e+00  0.00000000e+00  3.00000000e-11  0.00000000e+00  0.00000000e+00 
 6.00000000e-11  0.00000000e+00  2.00000000e-01  0.00000000e+00  0.00000000e+00  6.00000000e-11  0.00000000e+00  0.00000000e+00 
 1.20000000e-10  0.00000000e+00  4.00000000e-01  0.00000000e+00  0.00000000e+00  1.20000000e-10  0.00000000e+00  0.00000000e+00 
 2.40000000e-10  0.00000000e+00  8.00000000e-01  0.00000000e+00  0.00000000e+00  2.40000000e-10  0.00000000e+00  0.00000000e+00 
 4.80000000e-10  0.00000000e+00  1.60000000e+00  0.00000000e+00  0.00000000e+00  4.80000000e-10  0.00000000e+00  0.00000000e+00 
 9.60000000e-10  0.00000000e+00  3.20000000e+00  0.00000000e+00  0.00000000e+00  9.60000000e-10  0.00000000e+00  0.00000000e+00 
 1.92000000e-09  0.00000000e+00  6.40000000e+00  0.00000000e+00  0.00000000e+00  1.92000000e-09  0.00000000e+00  0.00000000e+00 
 3.00000000e-09  0.00000000e+00  1.00000000e+01  0.00000000e+00  0.00000000e+00  3.00000000e-09  0.00000000e+00  0.00000000e+00 
 3.19200000e-09  0.00000000e+00  1.00000000e+01  0.00000000e+00  0.00000000e+00  3.19200000e-09  0.00000000e+00  0.00000000e+00 
 3.57600000e-09  0.00000000e+00  1.00000000e+01  0.00000000e+00  0.00000000e+00  3.57600000e-09  0.00000000e+00  0.00000000e+00 
 4.34400000e-09  0.00000000e+00  1.00000000e+01  0.00000000e+00  0.00000000e+00  4.34400000e-09  0.00000000e+00  0.00000000e+00 
 5.88000000e-09  0.00000000e+00  1.00000000e+01  0.00000000e+00  0.00000000e+00  5.88000000e-09  0.00000000e+00  0.00000000e+00 
 8.95200000e-09  0.00000000e+00  1.00000000e+01  0.00000000e+00  0.00000000e+00  8.95200000e-09  0.00000000e+00  0.00000000e+00 
 1.50960000e-08  0.00000000e+00  1.00000000e+01  0.00000000e+00  0.00000000e+00  1.50960000e-08  0.00000000e+00  0.00000000e+00 
 2.73840000e-08  0.00000000e+00  1.00000000e+01  0.00000000e+00  0.00000000e+00  2.73840000e-08  0.00000000e+00  0.00000000e+00 
 5.19600000e-08  0.00000000e+00  1.00000000e+01  0.00000000e+00  0.00000000e+00  5.19600000e-08  0.00000000e+00  0.00000000e+00 
 1.01112000e-07  0.00000000e+00  1.00000000e+01  0.00000000e+00  0.00000000e+00  1.01112000e-07  0.00000000e+00  0.00000000e+00 
 1.99416000e-07  0.00000000e+00  1.00000000e+01  0.00000000e+00  0.00000000e+00  1.99416000e-07  0.00000000e+00  0.00000000e+00 
 3.96024000e-07  0.00000000e+00  1.00000000e+01  0.00000000e+00  0.00000000e+00  3.96024000e-07  0.00000000e+00  0.00000000e+00 
 7.89240000e-07  0.00000000e+00  1.00000000e+01  0.00000000e+00  0.00000000e+00  7.89240000e-07  0.00000000e+00  0.00000000e+00 
 1.57567200e-06  0.00000000e+00  1.00000000e+01  0.00000000e+00  0.00000000e+00  1.57567200e-06  0.00000000e+00  0.00000000e+00 
 3.14853600e-06  0.00000000e+00  1.00000000e+01  0.00000000e+00  0.00000000e+00  3.14853600e-06  0.00000000e+00  0.00000000e+00 
 6.29426400e-06  0.00000000e+00  1.00000000e+01  0.00000000e+00  0.00000000e+00  6.29426400e-06  0.00000000e+00  0.00000000e+00 
 1.25857200e-05  0.00000000e+00  1.00000000e+01  0.00000000e+00  0.00000000e+00  1.25857200e-05  0.00000000e+00  0.00000000e+00 
 2.51686320e-05  0.00000000e+00  1.00000000e+01  0.00000000e+00  0.00000000e+00  2.51686320e-05  0.00000000e+00  0.00000000e+00 
 5.03344560e-05  0.00000000e+00  1.00000000e+01  0.00000000e+00  0.00000000e+00  5.03344560e-05  0.00000000e+00  0.00000000e+00 
 1.00666104e-04  0.00000000e+00  1.00000000e+01  0.00000000e+00  0.00000000e+00  1.00666104e-04  0.00000000e+00  0.00000000e+00 
 2.01329400e-04  0.00000000e+00  1.00000000e+01  0.00000000e+00  0.00000000e+00  2.01329400e-04  0.00000000e+00  0.00000000e+00 
 4.02655992e-04  0.00000000e+00  1.00000000e+01  0.00000000e+00  0.00000000e+00  4.02655992e-04  0.00000000e+00  0.00000000e+00 
 8.02655992e-04  0.00000000e+00  1.00000000e+01  0.00000000e+00  0.00000000e+00  8.02655992e-04  0.00000000e+00  0.00000000e+00 
 1.20265599e-03  0.00000000e+00  1.00000000e+01  0.00000000e+00  0.00000000e+00  1.20265599e-03  0.00000000e+00  0.00000000e+00 
 1.60265599e-03  0.00000000e+00  1.00000000e+01  0.00000000e+00  0.00000000e+00  1.60265599e-03  0.00000000e+00  0.00000000e+00 
 2.00265599e-03  0.00000000e+00  1.00000000e+01  0.00000000e+00  0.00000000e+00  2.00265599e-03  0.00000000e+00  0.00000000e+00 
 2.40265599e-03  0.00000000e+00  1.00000000e+01  0.00000000e+00  0.00000000e+00  2.40265599e-03  0.00000000e+00  0.00000000e+00 
 2.80265599e-03  0.00000000e+00  1.00000000e+01  0.00000000e+00  0.00000000e+00  2.80265599e-03  0.00000000e+00  0.00000000e+00 
 3.20265599e-03  0.00000000e+00  1.00000000e+01  0.00000000e+00  0.00000000e+00  3.20265599e-03  0.00000000e+00  0.00000000e+00 
 3.60265599e-03  0.00000000e+00  1.00000000e+01  0.00000000e+00  0.00000000e+00  3.60265599e-03  0.00000000e+00  0.00000000e+00 
 4.00265599e-03  0.00000000e+00  1.00000000e+01  0.00000000e+00  0.00000000e+00  4.00265599e-03  0.00000000e+00  0.00000000e+00 
 4.40265599e-03  0.00000000e+00  1.00000000e+01  0.00000000e+00  0.00000000e+00  4.40265599e-03  0.00000000e+00  0.00000000e+00 
 4.80265599e-03  0.00000000e+00  1.00000000e+01  0.00000000e+00  0.00000000e+00  4.80265599e-03  0.00000000e+00  0.00000000e+00 
 5.20265599e-03  0.00000000e+00  1.00000000e+01  0.00000000e+00  0.00000000e+00  5.20265599e-03  0.00000000e+00  0.00000000e+00 
 5.60265599e-03  0.00000000e+00  1.00000000e+01  0.00000000e+00  0.00000000e+00  5.60265599e-03  0.00000000e+00  0.00000000e+00 
 6.00265599e-03  0.00000000e+00  1.00000000e+01  0.00000000e+00  0.00000000e+00  6.00265599e-03  0.00000000e+00  0.00000000e+00 
 6.40265599e-03  0.00000000e+00  1.00000000e+01  0.00000000e+00  0.00000000e+00  6.40265599e-03  0.00000000e+00  0.00000000e+00 
 6.80265599e-03  0.00000000e+00  1.00000000e+01  0.00000000e+00  0.00000000e+00  6.80265599e-03  0.00000000e+00  0.00000000e+00 
 7.20265599e-03  0.00000000e+00  1.00000000e+01  0.00000000e+00  0.00000000e+00  7.20265599e-03  0.00000000e+00  0.00000000e+00 
 7.60265599e-03  0.00000000e+00  1.00000000e+01  0.00000000e+00  0.00000000e+00  7.60265599e-03  0.00000000e+00  0.00000000e+00 
 8.00265599e-03  0.00000000e+00  1.00000000e+01  0.00000000e+00  0.00000000e+00  8.00265599e-03  0.00000000e+00  0.00000000e+00 
 8.40265599e-03  0.00000000e+00  1.00000000e+01  0.00000000e+00  0.00000000e+00  8.40265599e-03  0.00000000e+00  0.00000000e+00 
 8.80265599e-03  0.00000000e+00  1.00000000e+01  0.00000000e+00  0.00000000e+00  8.80265599e-03  0.00000000e+00  0.00000000e+00 
 9.20265599e-03  0.00000000e+00  1.00000000e+01  0.00000000e+00  0.00000000e+00  9.20265599e-03  0.00000000e+00  0.00000000e+00 
 9.60265599e-03  0.00000000e+00  1.00000000e+01  0.00000000e+00  0.00000000e+00  9.60265599e-03  0.00000000e+00  0.00000000e+00 
 1.00026560e-02  0.00000000e+00  1.00000000e+01  0.00000000e+00  0.00000000e+00  1.00026560e-02  0.00000000e+00  0.00000000e+00 
 1.04026560e-02  0.00000000e+00  1.00000000e+01  0.00000000e+00  0.00000000e+00  1.04026560e-02  0.00000000e+00  0.00000000e+00 
 1.08026560e-02  0.00000000e+00  1.00000000e+01  0.00000000e+00  0.00000000e+00  1.08026560e-02  0.00000000e+00  0.00000000e+00 
 1.12026560e-02  0.00000000e+00  1.00000000e+01  0.00000000e+00  0.00000000e+00  1.12026560e-02  0.00000000e+00  0.00000000e+00 
 1.16026560e-02  0.00000000e+00  1.00000000e+01  0.00000000e+00  0.00000000e+00  1.16026560e-02  0.00000000e+00  0.00000000e+00 
 1.20026560e-02  0.00000000e+00  1.00000000e+01  0.00000000e+00  0.00000000e+00  1.20026560e-02  0.00000000e+00  0.00000000e+00 
 1.24026560e-02  0.00000000e+00  1.00000000e+01  0.00000000e+00  0.00000000e+00  1.24026560e-02  0.00000000e+00  0.00000000e+00 
 1.28026560e-02  0.00000000e+00  1.00000000e+01  0.00000000e+00  0.00000000e+00  1.28026560e-02  0.00000000e+00  0.00000000e+00 
 1.32026560e-02  0.00000000e+00  1.00000000e+01  0.00000000e+00  0.00000000e+00  1.32026560e-02  0.00000000e+00  0.00000000e+00 
 1.36026560e-02  0.00000000e+00  1.00000000e+01  0.00000000e+00  0.00000000e+00  1.36026560e-02  0.00000000e+00  0.00000000e+00 
 1.40026560e-02  0.00000000e+00  1.00000000e+01  0.00000000e+00  0.00000000e+00  1.40026560e-02  0.00000000e+00  0.00000000e+00 
 1.44026560e-02  0.00000000e+00  1.00000000e+01  0.00000000e+00  0.00000000e+00  1.44026560e-02  0.00000000e+00  0.00000000e+00 
 1.48026560e-02  0.00000000e+00  1.00000000e+01  0.00000000e+00  0.00000000e+00  1.48026560e-02  0.00000000e+00  0.00000000e+00 
 1.52026560e-02  0.00000000e+00  1.00000000e+01  0.00000000e+00  0.00000000e+00  1.52026560e-02  0.00000000e+00  0.00000000e+00 
 1.56026560e-02  0.00000000e+00  1.00000000e+01  0.00000000e+00  0.00000000e+00  1.56026560e-02  0.00000000e+00  0.00000000e+00 
 1.60026560e-02  0.00000000e+00  1.00000000e+01  0.00000000e+00  0.00000000e+00  1.60026560e-02  0.00000000e+00  0.00000000e+00 
 1.64026560e-02  0.00000000e+00  1.00000000e+01  0.00000000e+00  0.00000000e+00  1.64026560e-02  0.00000000e+00  0.00000000e+00 
 1.68026560e-02  0.00000000e+00  1.00000000e+01  0.00000000e+00  0.00000000e+00  1.68026560e-02  0.00000000e+00  0.00000000e+00 
 1.72026560e-02  0.00000000e+00  1.00000000e+01  0.00000000e+00  0.00000000e+00  1.72026560e-02  0.00000000e+00  0.00000000e+00 
 1.76026560e-02  0.00000000e+00  1.00000000e+01  0.00000000e+00  0.00000000e+00  1.76026560e-02  0.00000000e+00  0.00000000e+00 
 1.80026560e-02  0.00000000e+00  1.00000000e+01  0.00000000e+00  0.00000000e+00  1.80026560e-02  0.00000000e+00  0.00000000e+00 
 1.84026560e-02  0.00000000e+00  1.00000000e+01  0.00000000e+00  0.00000000e+00  1.84026560e-02  0.00000000e+00  0.00000000e+00 
 1.88026560e-02  0.00000000e+00  1.00000000e+01  0.00000000e+00  0.00000000e+00  1.88026560e-02  0.00000000e+00  0.00000000e+00 
 1.92026560e-02  0.00000000e+00  1.00000000e+01  0.00000000e+00  0.00000000e+00  1.92026560e-02  0.00000000e+00  0.00000000e+00 
 1.96026560e-02  0.00000000e+00  1.00000000e+01  0.00000000e+00  0.00000000e+00  1.96026560e-02  0.00000000e+00  0.00000000e+00 
 2.00000000e-02  0.00000000e+00  1.00000000e+01  0.00000000e+00  0.00000000e+00  2.00000000e-02  0.00000000e+00  0.00000000e+00 
